
33109
38919
30504
31502
36400
31292
38128
38953
34127
33247
34244
38888
31515
34641
30736
33064
35807
33664
40236
39770
39392
30612
34272
31918
39897
33140
33575
30717
39221
38752
37092
35596
33435
38640
39409
30388
38702
37199
31514
31310
37088
33292
31313
37879
38071
39886
33163
37596
31888
33366
39329
31304
31316
35516
36433
32219
32629
39065
34033
30052
39751
37292
34165
34428
34178
39853
36745
36748
40234
33478
33713
31770
37765
35172
40005
36122
34488
34926
37183
34278
38057
34773
32111
33372
30387
30725
35580
32640
30743
36191
38776
39175
31142
31587
39341
32128
30868
31030
35394
31156
39214
39471
37606
37399
33916
30277
32132
38695
31932
34181
33667
37204
32850
30918
31326
39861
38743
34645
40025
30088
37841
36860
32515
35603
30083
34002
33801
33911
32367
37209
31127
35875
37831
32625
38045
39451
33475
32607
36893
39149
38091
34207
33104
30488
32944
40196
38005
31340
35605
32042
33398
36258
30684
31586
37175
37993
38698
32449
39488
36263
37368
35695
36601
34163
39808
34241
32171
37849
38398
39393
31165
36764
35514
30082
36417
32035
33108
32414
33576
32221
37581
33710
35949
40220
39122
36859
30734
39820
32634
36863
34800
32294
38410
31317
38755
33714
34734
37698
40142
30386
32841
34330
39860
31766
37799
39203
38614
30733
40195
29901
36028
40229
32423
37207
39900
32411
37643
38624
31431
32131
32176
31153
39917
39941
33031
34757
38342
39090
31585
37384
36265
31314
33110
35441
36514
39906
31434
38125
31915
33396
39251
38409
37790
39948
33621
31666
38141
35790
33880
31349
31668
39819
36538
31059
30568
38032
37922
39367
35593
35177
34770
37762
37921
31182
38636
34640
33711
36092
34022
36327
39747
30566
30229
30563
37941
36093
33716
33592
30260
30392
30238
34429
39971
31092
39477
39996
38531
36732
31324
37817
30745
34515
32812
33666
38449
37824
39410
38188
35765
39061
30384
32831
32519
30983
38461
36700
33480
32835
36550
38343
31931
33481
39281
33715
37699
32632
31547
29838
35200
31786
35081
39310
30735
31335
39362
31768
35311
38444
30239
30571
39426
34338
36541
39306
40026
36765
33119
32372
39282
39210
31328
31320
37676
30905
33500
36649
37816
30845
35576
36367
32104
39902
36548
32630
35156
36896
30921
39474
34784
38530
37768
39326
33171
35510
37861
39289
36182
35896
32645
31143
35604
38904
32041
36365
37463
32195
33578
39644
30211
30906
36452
34143
39901
31669
37359
38639
39340
39642
31500
38759
31158
38334
39803
40066
35178
38943
31580
38203
39374
36253
30497
31022
38348
31887
34965
37458
39246
30407
38422
38445
37197
35783
31189
37184
34005
36702
38384
34025
39502
31327
36900
32413
36257
34642
37355
36865
38942
39429
30732
34643
30930
35999
36967
36568
32593
37222
38417
32854
30364
34021
32178
36886
38454
33055
30731
38529
30739
32517
33165
32415
31941
33804
38168
31163
39159
33111
33532
35418
35218
31318
31032
35670
32836
33949
31928
33627
35176
38452
35590
36958
31164
37156
35566
39383
32373
36443
39641
32173
39312
33881
30834
39064
35595
36890
40140
35963
39229
37037
30385
34306
36455
31319
38124
34305
31246
33295
36192
34307
33690
37803
38385
38653
30979
36897
34496
31061
37598
32172
31013
32459
32177
31170
35080
32807
39911
36450
34206
32196
36956
31173
32853
38077
39081
34322
33689
39920
39089
30909
33657
36447
34539
37688
34170
34123
40199
39849
31558
30405
30582
31579
31788
39363
39749
31956
31925
30551
37304
36546
36090
36445
38122
31776
32222
34799
33939
31169
37203
38533
35307
34502
37448
37798
37185
33167
38774
39115
33709
34920
34720
30651
37349
33443
40027
39473
36800
35141
33470
39338
31784
31797
33883
36444
38347
39454
35314
36350
32883
38335
31268
34735
32840
36698
30744
30276
40228
34908
37433
33397
31186
32348
37863
36256
34855
38073
33400
38286
39267
34173
39834
31418
36867
31612
31149
33614
38389
30649
31582
35829
30604
39504
38715
39491
32368
34915
32616
34981
33795
33195
39783
31128
38146
31688
33663
32293
36268
37761
39200
32143
29742
35376
40215
30600
37417
33717
33615
34982
36418
40219
35592
34503
38902
39722
38955
35395
36913
35599
37949
31722
35995
35760
34733
31680
33278
34516
35504
31953
34281
36262
36542
39327
32394
39204
37301
34304
35600
35079
32844
33166
36539
37371
34543
33623
38920
37218
35763
36731
37017
30602
36957
36419
35065
37607
36198
33803
34300
32830
31417
33796
39893
32175
30748
36549
36585
32832
35598
31062
38634
32043
36435
37687
39373
35996
35976
37201
33792
36449
38072
38778
38273
31584
33482
38903
32855
30498
31303
38861
39452
39330
33679
37796
39116
34779
38006
39947
39353
37033
30259
33162
31785
32134
39436
37443
31187
32040
34942
37459
40029
30718
33616
37594
35220
30554
35683
31667
38532
33246
32568
34314
37582
35690
36917
35191
38298
38527
37186
37202
33360
39772
37188
32968
32969
34122
31315
34499
40007
35377
32606
38346
32624
33544
33873
31172
38281
32419
30919
33794
32851
30877
31942
30570
32842
38415
30496
29872
37766
38295
34172
34313
38147
37303
34960
33164
39216
32174
35806
33035
37832
37351
35180
38956
32628
38408
33877
38284
31769
31191
35578
38275
37084
33036
30103
34024
32811
31588
32838
39903
32852
34504
31348
31126
39331
36264
32887
32857
31771
31922
37350
39283
31083
32420
33802
40151
30737
31433
35155
32829
38191
35181
39077
32884
36888
30377
31764
33479
33879
38142
39760
31144
35515
38056
31426
31842
38076
38303
34769
36885
37833
31929
30719
31425
36086
30844
31157
39998
31853
37840
31416
31961
35375
38418
39892
38612
38889
32885
37772
34644
32655
39807
36895
38442
37658
38387
32036
33328
31689
37140
37789
35312
37597
31920
39382
36672
31322
38673
36892
31068
32194
39073
39810
35143
35232
31188
37293
39914
30549
37424
34638
33236
38622
33056
33433
32421
31539
33719
34301
34537
33112
31681
36974
30875
38706
31767
39148
31012
32432
38182
35396
34175
38658
38707
32828
38041
39160
38459
30606
38917
38126
39946
31601
35406
36336
36914
37398
31181
33504
38540
33170
38192
39215
37858
31546
37486
31063
31916
35602
39742
33294
31263
34182
30685
37091
39293
33909
39394
39402
34772
39300
38058
33483
39557
38887
32627
31736
31517
31899
30901
33073
37611
32611
38353
32848
31512
31152
34796
35415
33248
35403
